10^100
10^10^100
10^10^10^100
10^10^10^10^100
10^^100
10^^10^100
10^^10^^100
10^^10^^10^^100
10^^^100
10^^^10^^^100
10^^^^100
10^^^^^100
10[100]10
10[10^100]10
10[10^^100]10
10[10[100]10]10
10[10[10[100]10]10]10
10[1,1]100
10[1,1]10^100
10[1,1]10[100]10
10[1,1]10[1,1]100
10[2,1]100
10[3,1]100
10[100,1]10
10[10[100,1]10,1]10
10[1,2]100
10[2,2]100
10[100,2]10
10[100,3]10
10[0,100]10
10[0,10^100]10
10[0,10[100]10]10
10[0,10[0,100]10]10
10[1,0,1]100
10[2,0,1]100
10[100,0,1]10
10[100,1,1]10
10[0,100,1]10
10[0,100,2]10
10[0,0,100]10
10[1,0,0,1]100
10[100,0,0,1]10
10[0,100,0,1]10
10[0,0,100,1]10
10[0,0,0,100]10
10[0,0,0,0,100]10
10[0(1)1]100
10[0(1)1]10^100
10[0(1)1]10[100]10
10[0(1)1]10[0(1)1]100
10[1(1)1]100
10[2(1)1]100
10[100(1)1]10
10[1,1(1)1]100
10[100,1(1)1]10
10[0,100(1)1]10
10[0,0,100(1)1]10
10[0(1)2]100
10[1(1)2]100
10[100(1)2]10
10[0(1)3]100
10[0(1)100]10
10[1(1)0,1]100
10[100(1)0,1]10
10[0(1)1,1]100
10[0(1)100,1]10
10[0(1)0,100]10
10[0(1)0,0,100]10
10[0(1)0(1)1]100